# OpenSignals Text File Format
# {"internal sensors":{"sensor":["Detected"],"device name":"internal sensors","column":["nSeq","Detected"],"sync interval":2,"time":"19:01:34","comments":"","keywords":"","device connection":"UNKNOWNinternal sensors","channels":[0],"date":"2020-07-28","mode":0,"digital IO":[],"firmware version":0,"device":"android","position":0,"sampling rate":100,"label":["Detected"],"resolution":[1],"special":[{}],"sleeve color":["UNKNOWN"]}}
# EndOfHeader
1465355854344202	1.0	
1465356994084192	1.0	
1465356994084192	1.0	
1465358113774133	1.0	
1465358113774133	1.0	
1465359153508020	1.0	
1465359153508020	1.0	
1465360253239465	1.0	
1465360253239465	1.0	
1465360813053919	1.0	
1465362052769495	1.0	
1465362052769495	1.0	
1465363012520783	1.0	
1465363012520783	1.0	
1465364052254670	1.0	
1465364052254670	1.0	
1465365231972688	1.0	
1465365231972688	1.0	
1465366311715119	1.0	
1465366311715119	1.0	
1465366811562531	1.0	
1465367871285432	1.0	
1465367871285432	1.0	
1465368871041291	1.0	
1465368871041291	1.0	
1465369410897248	1.0	
1465370030770295	1.0	
1465371050484650	1.0	
1465371050484650	1.0	
1465372090218537	1.0	
1465372090218537	1.0	
1465373149993052	1.0	
1465373149993052	1.0	
1465374309691538	1.0	
1465374309691538	1.0	
1465375269469370	1.0	
1465375269469370	1.0	
1465375829314341	1.0	
1465376889037242	1.0	
1465376889037242	1.0	
1465377888793101	1.0	
1465377888793101	1.0	
1465378928557505	1.0	
1465378928557505	1.0	
1465379948302378	1.0	
1465379948302378	1.0	
1465380967986216	1.0	
1465380967986216	1.0	
1465382007750620	1.0	
1465382007750620	1.0	
1465383027486410	1.0	
1465383027486410	1.0	
1465384147206869	1.0	
1465384147206869	1.0	
1465385166951743	1.0	
1465385166951743	1.0	
1465386226674643	1.0	
1465386226674643	1.0	
1465387206441489	1.0	
1465387206441489	1.0	
1465388286183920	1.0	
1465388286183920	1.0	
1465388866017905	1.0	
1465389905751791	1.0	
1465389905751791	1.0	
1465390965474692	1.0	
1465390965474692	1.0	
1465391485341635	1.0	
1465392005208578	1.0	
1465393044965454	1.0	
1465393044965454	1.0	
1465394124677368	1.0	
1465394124677368	1.0	
1465395164411255	1.0	
1465395164411255	1.0	
1465396284131714	1.0	
1465396284131714	1.0	
1465397303876587	1.0	
1465397303876587	1.0	
1465397863721557	1.0	
1465398883466430	1.0	
1465398883466430	1.0	
1465399943189331	1.0	
1465399943189331	1.0	
1465401002912231	1.0	
1465401002912231	1.0	
1465402042707153	1.0	
1465402042707153	1.0	
1465403122411782	1.0	
1465403122411782	1.0	
1465404202184732	1.0	
1465404202184732	1.0	
1465405301885659	1.0	
1465405301885659	1.0	
1465405841741616	1.0	
1465406361608560	1.0	
1465406881475503	1.0	
1465407921239907	1.0	
1465407921239907	1.0	
1465408980962808	1.0	
1465408980962808	1.0	
1465410020696695	1.0	
1465410020696695	1.0	
1465411040441568	1.0	
1465411040441568	1.0	
1465412080205972	1.0	
1465412080205972	1.0	
1465413139903776	1.0	
1465413139903776	1.0	
1465414199626677	1.0	
1465414199626677	1.0	
1465415239391081	1.0	
1465415239391081	1.0	
1465416259105436	1.0	
1465416259105436	1.0	
1465417278880827	1.0	
1465417278880827	1.0	
1465417898692839	1.0	
1465418818462126	1.0	
1465418818462126	1.0	
1465419918193571	1.0	
1465419918193571	1.0	
1465420438060515	1.0	
1465420957927458	1.0	
1465422017650358	1.0	
1465422017650358	1.0	
1465423057438104	1.0	
1465423057438104	1.0	
1465423537296502	1.0	
1465424057163445	1.0	
1465425116916863	1.0	
1465425116916863	1.0	
1465426096653192	1.0	
1465426096653192	1.0	
1465427216404168	1.0	
1465427216404168	1.0	
1465428196140496	1.0	
1465428196140496	1.0	
1465429335880486	1.0	
1465429335880486	1.0	
1465429775760858	1.0	
1465430815494744	1.0	
1465430815494744	1.0	
1465431315372674	1.0	
1465431855228631	1.0	
1465432894901249	1.0	
1465432894901249	1.0	
1465433994632694	1.0	
1465433994632694	1.0	
1465435014408085	1.0	
1465435014408085	1.0	
1465436074161503	1.0	
1465436074161503	1.0	
1465437113895390	1.0	
1465437113895390	1.0	
1465438193607304	1.0	
1465438193607304	1.0	
1465439313358280	1.0	
1465439313358280	1.0	
1465439873203251	1.0	
1465440892978642	1.0	
1465440892978642	1.0	
1465441892734501	1.0	
1465441892734501	1.0	
1465443092489784	1.0	
1465443092489784	1.0	
1465444132254188	1.0	
1465444132254188	1.0	
1465445191977089	1.0	
1465445191977089	1.0	
1465446231710975	1.0	
1465446231710975	1.0	
1465447211508339	1.0	
1465447211508339	1.0	
1465448311239784	1.0	
1465448311239784	1.0	
1465449291006630	1.0	
1465449291006630	1.0	
1465449830893104	1.0	
1465450850668495	1.0	
1465450850668495	1.0	
1465451910391395	1.0	
1465451910391395	1.0	
1465452390305750	1.0	
1465452930161707	1.0	
1465454049882166	1.0	
1465454049882166	1.0	
1465455089646570	1.0	
1465455089646570	1.0	
1465456149399988	1.0	
1465456149399988	1.0	
1465457189133875	1.0	
1465457189133875	1.0	
1465458268906824	1.0	
1465458268906824	1.0	
1465459248673670	1.0	
1465459248673670	1.0	
1465460248429529	1.0	
1465460248429529	1.0	
1465461288193933	1.0	
1465461288193933	1.0	
1465461808060877	1.0	
1465462727862390	1.0	
1465462727862390	1.0	
1465463827563318	1.0	
1465463827563318	1.0	
1465464887286219	1.0	
1465464887286219	1.0	
1465465947070154	1.0	
1465465947070154	1.0	
1465466926806482	1.0	
1465466926806482	1.0	
1465468006579431	1.0	
1465468006579431	1.0	
1465469046343836	1.0	
1465469046343836	1.0	
1465470066088709	1.0	
1465470066088709	1.0	
1465471145831140	1.0	
1465471145831140	1.0	
1465472105608972	1.0	
1465472105608972	1.0	
1465473145397750	1.0	
1465473145397750	1.0	
1465474225109664	1.0	
1465474225109664	1.0	
1465475164867965	1.0	
1465475164867965	1.0	
1465476224621383	1.0	
1465476224621383	1.0	
1465476784496871	1.0	
1465477864239303	1.0	
1465477864239303	1.0	
1465479203930465	1.0	
1465479203930465	1.0	
1465479203930465	1.0	
1465482303155938	1.0	
1465482923028985	1.0	
1465483982751885	1.0	
1465483982751885	1.0	
1465485062494317	1.0	
1465485062494317	1.0	
1465486062250176	1.0	
1465486062250176	1.0	
1465487062006035	1.0	
1465487062006035	1.0	
1465488281702080	1.0	
1465488281702080	1.0	
1465488821588555	1.0	
1465489341486016	1.0	
1465489881341973	1.0	
1465490981042901	1.0	
1465490981042901	1.0	
1465492080774346	1.0	
1465492080774346	1.0	
1465493180488969	1.0	
1465493180488969	1.0	
1465493800362016	1.0	
1465494900093461	1.0	
1465494900093461	1.0	
1465495999824907	1.0	
1465495999824907	1.0	
1465496979561235	1.0	
1465496979561235	1.0	
1465498139290239	1.0	
1465498139290239	1.0	
1465499299019243	1.0	
1465499299019243	1.0	
1465499798897172	1.0	
1465500898628618	1.0	
1465500898628618	1.0	
1465501978371049	1.0	
1465501978371049	1.0	
1465502998116140	1.0	
1465502998116140	1.0	
1465504057839041	1.0	
1465504057839041	1.0	
1465505117592459	1.0	
1465505117592459	1.0	
1465506177315359	1.0	
1465506177315359	1.0	
1465507257057791	1.0	
1465507257057791	1.0	
1465507836922293	1.0	
1465508816658621	1.0	
1465508816658621	1.0	
1465510016365652	1.0	
1465510016365652	1.0	
1465511016121511	1.0	
1465511016121511	1.0	
1465512055885916	1.0	
1465512055885916	1.0	
1465513235624252	1.0	
1465513235624252	1.0	
1465514255338608	1.0	
1465514255338608	1.0	
1465514795225082	1.0	
1465515874936996	1.0	
1465515874936996	1.0	
1465516894712387	1.0	
1465516894712387	1.0	
1465517954435287	1.0	
1465517954435287	1.0	
1465518974210678	1.0	
1465518974210678	1.0	
1465520033933578	1.0	
1465520033933578	1.0	
1465521113645493	1.0	
1465521113645493	1.0	
1465522153409897	1.0	
1465522153409897	1.0	
1465523193119119	1.0	
1465523193119119	1.0	
1465523733005593	1.0	
1465524832737038	1.0	
1465524832737038	1.0	
1465525852481912	1.0	
1465525852481912	1.0	
1465526912204812	1.0	
1465526912204812	1.0	
1465527911960671	1.0	
1465527911960671	1.0	
1465529031711648	1.0	
1465529031711648	1.0	
1465530111454079	1.0	
1465530111454079	1.0	
1465531111209939	1.0	
1465531111209939	1.0	
1465532110965798	1.0	
1465532110965798	1.0	
1465533190713408	1.0	
1465533190713408	1.0	
1465533810555938	1.0	
1465534870309356	1.0	
1465534870309356	1.0	
1465535870065215	1.0	
1465535870065215	1.0	
1465536969827178	1.0	
1465536969827178	1.0	
1465537449685576	1.0	
1465538009530547	1.0	
1465539149270537	1.0	
1465539149270537	1.0	
1465540208993438	1.0	
1465540208993438	1.0	
1465541268746856	1.0	
1465541268746856	1.0	
1465541808602813	1.0	
1465542948315256	1.0	
1465542948315256	1.0	
1465543888073557	1.0	
1465543888073557	1.0	
1465544667889230	1.0	
1465545207745187	1.0	
1465545727581613	1.0	
1465546907330148	1.0	
1465546907330148	1.0	
1465548067028635	1.0	
1465548067028635	1.0	
1465549146771066	1.0	
1465549146771066	1.0	
1465550926342600	1.0	
1465550926342600	1.0	
1465551946087473	1.0	
1465551946087473	1.0	
1465553145800663	1.0	
1465553145800663	1.0	
1465554205523563	1.0	
1465554205523563	1.0	
1465555225268436	1.0	
1465555225268436	1.0	
1465556145037723	1.0	
1465556145037723	1.0	
1465557244769169	1.0	
1465557244769169	1.0	
1465557924578739	1.0	
1465559024279667	1.0	
1465559024279667	1.0	
1465560064044071	1.0	
1465560064044071	1.0	
1465561143755985	1.0	
1465561143755985	1.0	
1465562143511845	1.0	
1465562143511845	1.0	
1465563223223249	1.0	
1465563223223249	1.0	
1465563783098737	1.0	
1465564862780133	1.0	
1465564862780133	1.0	
1465565962542096	1.0	
1465565962542096	1.0	
1465567042254010	1.0	
1465567042254010	1.0	
1465568042009870	1.0	
1465568042009870	1.0	
1465569081713239	1.0	
1465569081713239	1.0	
1465570261431256	1.0	
1465570261431256	1.0	
1465571241167585	1.0	
1465571241167585	1.0	
1465571821032086	1.0	
1465572360877787	1.0	
1465572900733744	1.0	
1465573960456644	1.0	
1465573960456644	1.0	
1465575060188089	1.0	
1465575060188089	1.0	
1465576059913431	1.0	
1465576059913431	1.0	
1465577159614359	1.0	
1465577159614359	1.0	
1465578199348245	1.0	
1465578199348245	1.0	
1465579259071146	1.0	
1465579259071146	1.0	
1465579778968607	1.0	
1465580878639017	1.0	
1465580878639017	1.0	
1465581878425394	1.0	
1465581878425394	1.0	
1465582998133874	1.0	
1465582998133874	1.0	
1465584077845788	1.0	
1465584077845788	1.0	
1465584597712732	1.0	
1465585137568689	1.0	
1465586117335534	1.0	
1465586117335534	1.0	
1465587217066980	1.0	
1465587217066980	1.0	
1465588316767908	1.0	
1465588316767908	1.0	
1465588776637292	1.0	
1465589816371179	1.0	
1465589816371179	1.0	
1465590896083093	1.0	
1465590896083093	1.0	
1465591915797449	1.0	
1465591915797449	1.0	
1465592875531250	1.0	
1465592875531250	1.0	
1465593955243164	1.0	
1465593955243164	1.0	
1465595014966064	1.0	
1465595014966064	1.0	
1465596054730469	1.0	
1465596054730469	1.0	
1465596634564453	1.0	
1465597154400879	1.0	
1465598234143311	1.0	
1465598234143311	1.0	
1465599193921143	1.0	
1465599193921143	1.0	
1465600233624512	1.0	
1465600233624512	1.0	
1465600873425537	1.0	
1465601833203369	1.0	
1465601833203369	1.0	
1465602932943143	1.0	
1465602932943143	1.0	
1465603912648954	1.0	
1465603912648954	1.0	
1465604972402372	1.0	
1465604972402372	1.0	
1465606032094755	1.0	
1465606032094755	1.0	
1465606551992216	1.0	
1465607091848173	1.0	
1465608191549100	1.0	
1465608191549100	1.0	
1465609231282987	1.0	
1465609231282987	1.0	
1465610191030302	1.0	
1465610191030302	1.0	
1465611270772733	1.0	
1465611270772733	1.0	
1465611790609159	1.0	
1465612830333970	1.0	
1465612830333970	1.0	
1465613890056870	1.0	
1465613890056870	1.0	
1465614909801743	1.0	
1465614909801743	1.0	
1465615989483140	1.0	
1465615989483140	1.0	
1465617049236558	1.0	
1465617049236558	1.0	
1465618128948472	1.0	
1465618128948472	1.0	
1465619248638413	1.0	
1465619248638413	1.0	
1465619748516343	1.0	
1465620948192857	1.0	
1465620948192857	1.0	
1465621967907212	1.0	
1465621967907212	1.0	
1465622987692310	1.0	
1465622987692310	1.0	
1465623947409106	1.0	
1465623947409106	1.0	
1465625167105151	1.0	
1465625167105151	1.0	
1465626166799976	1.0	
1465626166799976	1.0	
1465626706686450	1.0	
1465627806387378	1.0	
1465627806387378	1.0	
1465628926107837	1.0	
1465628926107837	1.0	
1465629985830737	1.0	
1465629985830737	1.0	
1465631065481616	1.0	
1465631065481616	1.0	
1465632165213062	1.0	
1465632165213062	1.0	
1465633204931179	1.0	
1465633204931179	1.0	
1465634244634548	1.0	
1465634244634548	1.0	
1465634824468533	1.0	
1465635884221951	1.0	
1465635884221951	1.0	
1465636963903347	1.0	
1465636963903347	1.0	
1465638023626248	1.0	
1465638023626248	1.0	
1465639103338162	1.0	
1465639103338162	1.0	
1465640143041531	1.0	
1465640143041531	1.0	
1465641182744900	1.0	
1465641182744900	1.0	
1465641722600857	1.0	
1465642822275014	1.0	
1465642822275014	1.0	
1465643822000356	1.0	
1465643822000356	1.0	
1465644861734243	1.0	
1465644861734243	1.0	
1465645901468129	1.0	
1465645901468129	1.0	
1465647001169057	1.0	
1465647001169057	1.0	
1465648060861440	1.0	
1465648060861440	1.0	
