# OpenSignals Text File Format
# {"internal sensors":{"sensor":["Latitude","Longitude","Altitude"],"device name":"internal sensors","column":["nSeq","Latitude","Longitude","Altitude"],"sync interval":2,"time":"14:55:57","comments":"","keywords":"","device connection":"UNKNOWNinternal sensors","channels":[0,1,2],"date":"2020-07-17","mode":0,"digital IO":[],"firmware version":0,"device":"android","position":0,"sampling rate":100,"label":["Latitude","Longitude","Altitude"],"resolution":[1,1,1],"special":[{},{},{}],"sleeve color":["UNKNOWN","UNKNOWN","UNKNOWN"]}}
# EndOfHeader
188490065043301	38.689762	-9.335868	80.6	
188494731643951	38.689766	-9.335868	80.6	
188499789261178	38.689766	-9.335868	80.6	
188504813887752	38.689796	-9.335832	80.4	
188506857840366	38.6898	-9.335827	80.4	
188509340551325	38.689796	-9.335827	80.4	
188510467639440	38.6898	-9.335824	80.4	
188511569931132	38.689804	-9.335818	80.4	
188513383211015	38.689804	-9.3358135	80.4	
188514885105706	38.689808	-9.3358135	80.6	
188519062293011	38.689793	-9.335856	80.6	
188520074516587	38.68979	-9.335859	80.6	
188520940380279	38.6898	-9.335878	80.6	
188522136149970	38.689816	-9.3359	80.6	
188523492169392	38.68982	-9.33591	80.6	
188524952059660	38.68982	-9.335913	80.6	
188526498507044	38.689823	-9.335926	80.6	
188527902928536	38.689823	-9.335931	80.6	
188529182848804	38.689823	-9.335932	80.6	
188531338995960	38.689842	-9.335942	80.6	
188532326454959	38.689854	-9.335949	80.6	
188533166510535	38.68986	-9.335952	80.6	
188534401185765	38.689865	-9.335954	80.6	
188535586727149	38.689842	-9.335964	80.299995	
188537083193729	38.68981	-9.335983	80.299995	
188538424823920	38.689804	-9.335992	80.299995	
188540224679496	38.6898	-9.336001	80.299995	
188541431916841	38.68979	-9.33601	80.5	
188542622166763	38.689774	-9.336024	80.5	
188543798251455	38.689766	-9.336033	80.5	
188544985675646	38.689766	-9.336041	80.5	
188546084147146	38.689766	-9.336048	80.5	
188547239326299	38.68972	-9.33608	80.5	
188548459399298	38.6897	-9.336101	80.5	
188549572943028	38.68969	-9.336111	80.5	
188551130368103	38.689682	-9.336119	80.5	
188552454720718	38.689682	-9.336123	80.5	
188553367420525	38.689674	-9.336168	80.5	
188554630823793	38.689663	-9.336222	80.5	
188555766804446	38.689655	-9.3362465	80.5	
188556967512484	38.689648	-9.336264	80.5	
188558164243522	38.68964	-9.336288	80.6	
188559925487982	38.689636	-9.336318	80.6	
188561269581712	38.689632	-9.336332	80.6	
188562409826595	38.68963	-9.336344	80.6	
188563528024210	38.689625	-9.336351	80.6	
188564613827171	38.68962	-9.336361	80.5	
188565533107362	38.68962	-9.336358	80.5	
188566557466631	38.689625	-9.336357	80.5	
188567599086822	38.689625	-9.336364	80.5	
188568961126168	38.689625	-9.336372	80.5	
188570073897436	38.689625	-9.336381	80.5	
188571339522576	38.68963	-9.336386	80.7	
188572799362075	38.689625	-9.336397	80.7	
188574496977496	38.68963	-9.336407	80.7	
188575941338842	38.68963	-9.336416	80.7	
188577511573340	38.689644	-9.336414	82.2	
188578622935494	38.689655	-9.336411	82.2	
188580176168492	38.689667	-9.336411	82.2	
188580958530915	38.68967	-9.336411	82.2	
188582143709414	38.6897	-9.336409	81.9	
188583307076336	38.68973	-9.336411	81.9	
188584488371720	38.689754	-9.336411	81.9	
188585595013912	38.68977	-9.33641	81.9	
188587363956691	38.68983	-9.336419	81.7	
188588918571344	38.689903	-9.336432	81.7	
188590085193035	38.689926	-9.336436	81.7	
188591442536726	38.68995	-9.336432	82.2	
188592279630726	38.689983	-9.33644	82.2	
188593902275571	38.69001	-9.336443	82.2	
188595135135378	38.69002	-9.336438	82.2	
188596333119415	38.690037	-9.336441	81.799995	
188597237729261	38.69005	-9.336444	81.799995	
188598524653067	38.69006	-9.336447	81.799995	
188599671789836	38.69007	-9.336447	81.799995	
188600496281912	38.69008	-9.336448	81.799995	
188601651943142	38.69009	-9.3364525	82.2	
188602820497987	38.690105	-9.336461	82.2	
188604336072217	38.690125	-9.336468	82.2	
188605161326601	38.690132	-9.33647	82.2	
188606105105716	38.69014	-9.336471	82.2	
188607437232869	38.690163	-9.336474	82.2	
188608976677791	38.69018	-9.336477	82.2	
188610197734598	38.690197	-9.336479	82.2	
188611072415597	38.690212	-9.336471	82.299995	
188612280232981	38.69023	-9.336461	82.299995	
188613463425864	38.690247	-9.3364525	82.299995	
188614583388287	38.690258	-9.336443	82.299995	
188615772232017	38.690266	-9.3364315	82.299995	
188616955095939	38.690273	-9.336419	82.299995	
188618033771938	38.69028	-9.336413	81.9	
188619091768360	38.69029	-9.336396	81.9	
188620149507744	38.690296	-9.336378	81.9	
188621330332243	38.690304	-9.336367	81.9	
188622359195666	38.69031	-9.336351	82.1	
188623589238550	38.69031	-9.336333	82.1	
188625215259241	38.69032	-9.336319	82.1	
188626448745278	38.690327	-9.336311	82.1	
188628069634700	38.690327	-9.336284	81.9	
188629728352122	38.690334	-9.336267	81.9	
188630844069890	38.69034	-9.336256	81.9	
188632701477081	38.690342	-9.336241	81.799995	
188633709713504	38.690342	-9.336233	81.799995	
188634800592311	38.690342	-9.336227	81.799995	
188635929751041	38.69034	-9.336223	81.799995	
188637144459694	38.69033	-9.336214	81.799995	
188638056524078	38.69033	-9.336209	81.799995	
188639106798769	38.690327	-9.336205	81.799995	
188640257652615	38.690327	-9.336203	81.799995	
188642430893306	38.690315	-9.336172	81.1	
188643600539574	38.6903	-9.336141	81.1	
188644852356612	38.690285	-9.33612	81.1	
188646420645188	38.690277	-9.336103	81.0	
188647850915845	38.690258	-9.336073	81.0	
188649161538844	38.690235	-9.336045	81.0	
188650457341804	38.69022	-9.336026	81.0	
188651472810688	38.690205	-9.336015	81.0	
188652177934957	38.690186	-9.335999	81.0	
188653175577264	38.69017	-9.335985	81.0	
188654370094648	38.690155	-9.335972	81.0	
188655589371762	38.690147	-9.3359585	81.0	
188657291341960	38.69013	-9.335942	80.9	
188658445338075	38.69011	-9.335921	80.9	
188659852890574	38.690094	-9.335909	80.9	
188660657058073	38.690083	-9.3359	80.9	
188661805206418	38.690075	-9.335893	80.799995	
188662406506418	38.69006	-9.335892	80.799995	
188663687940379	38.690044	-9.335892	80.799995	
188664893623416	38.690025	-9.335891	80.799995	
188665902301185	38.690014	-9.33589	80.799995	
188667099170915	38.689987	-9.335902	80.9	
188668271596298	38.68997	-9.335907	80.9	
